3.787464072681544
8.186298252316496
12.358635540662803
17.22630963582926
20.5468734550962
21.6585224343396
22.537814924865362
23.358035814945175
24.16676789340815
24.935015365355415
25.66167939497178
26.37810585374613
27.089469124304397
27.820333968249876
28.533104165889497
29.237203990066874
29.911476852400003
30.59361424217692
31.278587035932244
31.910363915446204
32.51142094611102
33.09512377254398
33.64820407783871
34.1862437138983
34.733610414445664
35.323924812371196
36.30043390221821
38.37550388353755
41.53353361175059
47.385820778813674
54.16527657891227
60.38805143860252
66.28762053598744
73.3737084488319
79.58301886030385
85.48670668500031
91.95085979627429
98.24115592819003
104.37666990260821
110.58708158110616
117.40379613045619
125.03751822358628
133.1123714070497
139.79028647325399
145.93142817866448
151.98801572497342
157.6921948311634
163.29232735324968
169.29308405963494
175.0395663506524
180.85327742016673
186.47037815903744
191.2223105182051
194.84379573720793
198.79488217578867
204.1365954023593
209.70500749078928
215.0873442711029
220.5857859337242
225.93502857353005
231.6178530339071
236.95898678292767
240.88599155758766
243.29060735428746
244.69865193527235
245.47972584657032
245.94384139693057
246.3977225947889
246.85039753139745
247.30408053201998
247.7465338850459
248.1924996528786
248.62493839473098
249.0717436162008
249.5140858987602
249.95885002741966
250.40072434328354
250.8656815378878
251.37994638991213
251.90432276515386
252.4510372574412
253.02556890054663
253.6102865390753
254.2436060373434
254.87394688571626
255.5306657804108
256.1384197809052
256.7191288012202
257.26150002615276
257.7768427734414
258.27263784006175
258.7585423837369
259.22428012379845
259.6762194049962
260.13349109880266
260.58681218866116
261.03407840354083
261.4994402574212
261.9200618458018
262.3770767292923
262.8524459399529
263.3131299111015
263.781346317024
264.2454971183631
264.7065888806556
265.17135143758463
265.6118435868193
266.0450960999378
266.49288043387116
266.96502367255437
267.4332749408145
267.90387281818346
268.36970387311584
268.8341522942371
269.2991086972548
269.77207492531255
270.22559461317826
270.699719036598
271.155527364793
271.649901137464
272.2159828433184
272.82205098193424
273.5131860777493
274.310990794765
275.1737437277726
276.08200275672897
277.0408786502066
278.0087133385983
279.02027456200767
280.0053739507903
280.97586876427886
281.86415647589496
282.72655807132423
283.497201020534
284.1675502009883
284.7482042173094
285.3062414961397
285.86020896499264
286.4008937483405
286.94761622227907
287.4861961823388
288.02730620904345
288.5629601239005
289.0967225976734
289.64252904537665
290.1821623928374
290.73321151570707
291.2710813307514
291.8019267026978
292.33190574273306
292.8711576186844
293.4193205041569
293.9621163360509
294.5040165244245
295.0478272816578
295.5760193574845
296.11337066977205
296.6674234209503
297.19720533819924
297.7534642417625
298.2920803624525
298.85103188645166
299.41912674635637
299.9495198690162
300.4884124107263
301.0268837987132
301.574938016726
302.11074075753703
302.6503015057075
303.19138408563634
303.7267083284491
304.2612883028448
304.82056371795693
305.3851902836389
305.95826515071565
306.5335678504273
307.1241260634086
307.6920768796332
308.2506735360676
308.83365192638433
309.4209166003135
310.0072397069332
310.5831785672795
311.172082342993
311.74638204159726
312.3208067911564
312.905888015043
313.4781603130293
314.0480479490512
314.60013788701457
315.15373565191965
315.716792510604
316.30505002367534
316.88067145247226
317.46987111911756
318.03965314274757
318.6464482031099
319.253995686305
319.83563797344925
320.4393785613258
321.05388527807855
321.6585844796544
322.2651495261276
322.8552739614869
323.4593896584854
324.0525004197913
324.6372672029527
325.2316796832044
325.8133424307832
326.394287612414
326.97733534410935
327.5581210423261
328.15164456247453
328.74354770744134
329.3358080075909
329.93472993596134
